2021-06-30|0.0|0.0|-4.404|0.16833333333333333
2021-06-30|0.0|1.0|-4.069|0.16666666666666666
2021-06-30|0.0|2.0|-3.742|0.165
2021-06-30|0.0|3.0|-3.421|0.16166666666666665
2021-06-30|0.0|4.0|-3.105|0.16
2021-06-30|0.0|5.0|-2.795|0.15833333333333333
2021-06-30|0.0|6.0|-2.49|0.155
2021-06-30|0.0|7.0|-2.19|0.15333333333333332
2021-06-30|0.0|8.0|-1.895|0.15
2021-06-30|0.0|9.0|-1.605|0.14666666666666667
2021-06-30|0.0|10.0|-1.32|0.14333333333333334
2021-06-30|0.0|11.0|-1.04|0.14
2021-06-30|0.0|12.0|-0.767|0.13666666666666666
2021-06-30|0.0|13.0|-0.501|0.13333333333333333
2021-06-30|0.0|14.0|-0.242|0.12833333333333333
2021-06-30|0.0|15.0|0.007|0.12333333333333334
2021-06-30|0.0|16.0|0.247|0.12000000000000001
2021-06-30|0.0|17.0|0.475|0.115
2021-06-30|0.0|18.0|0.69|0.10833333333333334
2021-06-30|0.0|19.0|0.891|0.10333333333333333
2021-06-30|0.0|20.0|1.076|0.09833333333333334
2021-06-30|0.0|21.0|1.243|0.09166666666666666
2021-06-30|0.0|22.0|1.392|0.08499999999999999
2021-06-30|0.0|23.0|1.521|0.08
2021-06-30|0.0|24.0|1.628|0.07333333333333333
2021-06-30|0.0|25.0|1.712|0.06666666666666667
2021-06-30|0.0|26.0|1.774|0.06166666666666667
2021-06-30|0.0|27.0|1.811|0.055
2021-06-30|0.0|28.0|1.823|0.04833333333333333
2021-06-30|0.0|29.0|1.811|0.041666666666666664
2021-06-30|0.0|30.0|1.774|0.03666666666666667
2021-06-30|0.0|31.0|1.713|0.030000000000000002
2021-06-30|0.0|32.0|1.628|0.025
2021-06-30|0.0|33.0|1.52|0.02
2021-06-30|0.0|34.0|1.39|0.015000000000000001
2021-06-30|0.0|35.0|1.24|0.01
2021-06-30|0.0|36.0|1.071|0.006666666666666667
2021-06-30|0.0|37.0|0.885|0.0033333333333333335
2021-06-30|0.0|38.0|0.684|-0.0016666666666666668
2021-06-30|0.0|39.0|0.47|-0.0033333333333333335
2021-06-30|0.0|40.0|0.245|-0.006666666666666667
2021-06-30|0.0|41.0|0.012|-0.008333333333333333
2021-06-30|0.0|42.0|-0.228|-0.01
2021-06-30|0.0|43.0|-0.472|-0.011666666666666665
2021-06-30|0.0|44.0|-0.718|-0.013333333333333334
2021-06-30|0.0|45.0|-0.963|-0.013333333333333334
2021-06-30|0.0|46.0|-1.206|-0.013333333333333334
2021-06-30|0.0|47.0|-1.445|-0.013333333333333334
2021-06-30|0.0|48.0|-1.679|-0.013333333333333334
2021-06-30|0.0|49.0|-1.904|-0.011666666666666665
2021-06-30|0.0|50.0|-2.121|-0.011666666666666665
2021-06-30|0.0|51.0|-2.328|-0.01
2021-06-30|0.0|52.0|-2.524|-0.008333333333333333
2021-06-30|0.0|53.0|-2.709|-0.006666666666666667
2021-06-30|0.0|54.0|-2.881|-0.005
2021-06-30|0.0|55.0|-3.04|-0.0016666666666666668
2021-06-30|0.0|56.0|-3.186|0.0
2021-06-30|0.0|57.0|-3.319|0.0016666666666666668
2021-06-30|0.0|58.0|-3.44|0.005
2021-06-30|0.0|59.0|-3.547|0.006666666666666667
2021-06-30|0.0|60.0|-3.643|0.01
2021-06-30|0.0|61.0|-3.725|0.011666666666666665
2021-06-30|0.0|62.0|-3.797|0.015000000000000001
2021-06-30|0.0|63.0|-3.856|0.016666666666666666
2021-06-30|0.0|64.0|-3.905|0.018333333333333333
2021-06-30|0.0|65.0|-3.944|0.021666666666666667
2021-06-30|0.0|66.0|-3.972|0.02333333333333333
2021-06-30|0.0|67.0|-3.991|0.025
2021-06-30|0.0|68.0|-4.0|0.02666666666666667
2021-06-30|0.0|69.0|-4.0|0.028333333333333332
2021-06-30|0.0|70.0|-3.991|0.030000000000000002
2021-06-30|0.0|71.0|-3.973|0.03166666666666666
2021-06-30|0.0|72.0|-3.947|0.03333333333333333
2021-06-30|0.0|73.0|-3.911|0.03333333333333333
2021-06-30|0.0|74.0|-3.866|0.035
2021-06-30|0.0|75.0|-3.812|0.035
2021-06-30|0.0|76.0|-3.748|0.035
2021-06-30|0.0|77.0|-3.675|0.035
2021-06-30|0.0|78.0|-3.592|0.035
2021-06-30|0.0|79.0|-3.5|0.035
2021-06-30|0.0|80.0|-3.398|0.035
2021-06-30|0.0|81.0|-3.285|0.035
2021-06-30|0.0|82.0|-3.163|0.03333333333333333
2021-06-30|0.0|83.0|-3.032|0.03333333333333333
2021-06-30|0.0|84.0|-2.891|0.03166666666666666
2021-06-30|0.0|85.0|-2.741|0.030000000000000002
2021-06-30|0.0|86.0|-2.584|0.028333333333333332
2021-06-30|0.0|87.0|-2.419|0.02666666666666667
2021-06-30|0.0|88.0|-2.247|0.025
2021-06-30|0.0|89.0|-2.071|0.02333333333333333
2021-06-30|0.0|90.0|-1.89|0.02
2021-06-30|0.0|91.0|-1.707|0.018333333333333333
2021-06-30|0.0|92.0|-1.523|0.015000000000000001
2021-06-30|0.0|93.0|-1.34|0.013333333333333334
2021-06-30|0.0|94.0|-1.158|0.01
2021-06-30|0.0|95.0|-0.981|0.006666666666666667
2021-06-30|0.0|96.0|-0.809|0.0033333333333333335
2021-06-30|0.0|97.0|-0.645|0.0
2021-06-30|0.0|98.0|-0.489|-0.0033333333333333335
2021-06-30|0.0|99.0|-0.344|-0.006666666666666667
2021-06-30|0.0|100.0|-0.211|-0.01
2021-06-30|0.0|101.0|-0.09|-0.013333333333333334
2021-06-30|0.0|102.0|0.016|-0.018333333333333333
2021-06-30|0.0|103.0|0.108|-0.021666666666666667
2021-06-30|0.0|104.0|0.185|-0.025
2021-06-30|0.0|105.0|0.247|-0.030000000000000002
2021-06-30|0.0|106.0|0.293|-0.03333333333333333
2021-06-30|0.0|107.0|0.325|-0.03666666666666667
2021-06-30|0.0|108.0|0.343|-0.041666666666666664
2021-06-30|0.0|109.0|0.348|-0.045000000000000005
2021-06-30|0.0|110.0|0.341|-0.04833333333333333
2021-06-30|0.0|111.0|0.324|-0.05333333333333334
2021-06-30|0.0|112.0|0.299|-0.056666666666666664
2021-06-30|0.0|113.0|0.266|-0.060000000000000005
2021-06-30|0.0|114.0|0.23|-0.06333333333333332
2021-06-30|0.0|115.0|0.19|-0.06666666666666667
2021-06-30|0.0|116.0|0.151|-0.07
2021-06-30|0.0|117.0|0.114|-0.07333333333333333
2021-06-30|0.0|118.0|0.08|-0.07666666666666666
2021-06-30|0.0|119.0|0.053|-0.07833333333333334
2021-06-30|0.0|120.0|0.034|-0.08166666666666668
2021-06-30|0.0|121.0|0.025|-0.08333333333333333
2021-06-30|0.0|122.0|0.027|-0.08499999999999999
2021-06-30|0.0|123.0|0.043|-0.08666666666666667
2021-06-30|0.0|124.0|0.072|-0.08833333333333333
2021-06-30|0.0|125.0|0.117|-0.09000000000000001
2021-06-30|0.0|126.0|0.177|-0.09166666666666666
2021-06-30|0.0|127.0|0.253|-0.09166666666666666
2021-06-30|0.0|128.0|0.346|-0.09166666666666666
2021-06-30|0.0|129.0|0.454|-0.09166666666666666
2021-06-30|0.0|130.0|0.578|-0.09166666666666666
2021-06-30|0.0|131.0|0.717|-0.09166666666666666
2021-06-30|0.0|132.0|0.871|-0.09000000000000001
2021-06-30|0.0|133.0|1.038|-0.08833333333333333
2021-06-30|0.0|134.0|1.218|-0.08666666666666667
2021-06-30|0.0|135.0|1.409|-0.08499999999999999
2021-06-30|0.0|136.0|1.61|-0.08333333333333333
2021-06-30|0.0|137.0|1.821|-0.08166666666666668
2021-06-30|0.0|138.0|2.04|-0.07833333333333334
2021-06-30|0.0|139.0|2.265|-0.07666666666666666
2021-06-30|0.0|140.0|2.497|-0.07333333333333333
2021-06-30|0.0|141.0|2.733|-0.07
2021-06-30|0.0|142.0|2.973|-0.06666666666666667
2021-06-30|0.0|143.0|3.216|-0.06166666666666667
2021-06-30|0.0|144.0|3.461|-0.058333333333333334
2021-06-30|0.0|145.0|3.708|-0.055
2021-06-30|0.0|146.0|3.956|-0.05
2021-06-30|0.0|147.0|4.204|-0.04666666666666666
2021-06-30|0.0|148.0|4.453|-0.041666666666666664
2021-06-30|0.0|149.0|4.701|-0.03833333333333333
2021-06-30|0.0|150.0|4.949|-0.03333333333333333
2021-06-30|0.0|151.0|5.195|-0.028333333333333332
2021-06-30|0.0|152.0|5.44|-0.025
2021-06-30|0.0|153.0|5.684|-0.02
2021-06-30|0.0|154.0|5.925|-0.015000000000000001
2021-06-30|0.0|155.0|6.165|-0.011666666666666665
2021-06-30|0.0|156.0|6.401|-0.006666666666666667
2021-06-30|0.0|157.0|6.634|-0.0016666666666666668
2021-06-30|0.0|158.0|6.863|0.0016666666666666668
2021-06-30|0.0|159.0|7.088|0.006666666666666667
2021-06-30|0.0|160.0|7.308|0.01
2021-06-30|0.0|161.0|7.522|0.015000000000000001
2021-06-30|0.0|162.0|7.73|0.018333333333333333
2021-06-30|0.0|163.0|7.931|0.021666666666666667
2021-06-30|0.0|164.0|8.125|0.025
2021-06-30|0.0|165.0|8.309|0.030000000000000002
2021-06-30|0.0|166.0|8.485|0.03333333333333333
2021-06-30|0.0|167.0|8.651|0.035
2021-06-30|0.0|168.0|8.807|0.03833333333333333
2021-06-30|0.0|169.0|8.952|0.041666666666666664
2021-06-30|0.0|170.0|9.086|0.045000000000000005
2021-06-30|0.0|171.0|9.209|0.04666666666666666
2021-06-30|0.0|172.0|9.32|0.05
2021-06-30|0.0|173.0|9.419|0.051666666666666666
2021-06-30|0.0|174.0|9.506|0.05333333333333334
2021-06-30|0.0|175.0|9.581|0.055
2021-06-30|0.0|176.0|9.645|0.056666666666666664
2021-06-30|0.0|177.0|9.698|0.058333333333333334
2021-06-30|0.0|178.0|9.74|0.058333333333333334
2021-06-30|0.0|179.0|9.771|0.060000000000000005
2021-06-30|0.0|-1.0|-4.745|0.16999999999999998
2021-06-30|0.0|-2.0|-5.094|0.1716666666666667
2021-06-30|0.0|-3.0|-5.45|0.17333333333333334
2021-06-30|0.0|-4.0|-5.816|0.175
2021-06-30|0.0|-5.0|-6.189|0.17666666666666667
2021-06-30|0.0|-6.0|-6.572|0.17833333333333332
2021-06-30|0.0|-7.0|-6.964|0.17833333333333332
2021-06-30|0.0|-8.0|-7.364|0.18000000000000002
2021-06-30|0.0|-9.0|-7.774|0.18166666666666667
2021-06-30|0.0|-10.0|-8.191|0.18333333333333332
2021-06-30|0.0|-11.0|-8.617|0.185
2021-06-30|0.0|-12.0|-9.051|0.18666666666666665
2021-06-30|0.0|-13.0|-9.491|0.18833333333333335
2021-06-30|0.0|-14.0|-9.938|0.18833333333333335
2021-06-30|0.0|-15.0|-10.39|0.19
2021-06-30|0.0|-16.0|-10.847|0.19
2021-06-30|0.0|-17.0|-11.308|0.19166666666666668
2021-06-30|0.0|-18.0|-11.77|0.19166666666666668
2021-06-30|0.0|-19.0|-12.234|0.19166666666666668
2021-06-30|0.0|-20.0|-12.699|0.19166666666666668
2021-06-30|0.0|-21.0|-13.162|0.19
2021-06-30|0.0|-22.0|-13.622|0.19
2021-06-30|0.0|-23.0|-14.079|0.18833333333333335
2021-06-30|0.0|-24.0|-14.531|0.18666666666666665
2021-06-30|0.0|-25.0|-14.976|0.18333333333333332
2021-06-30|0.0|-26.0|-15.413|0.18000000000000002
2021-06-30|0.0|-27.0|-15.84|0.17666666666666667
2021-06-30|0.0|-28.0|-16.257|0.17333333333333334
2021-06-30|0.0|-29.0|-16.661|0.16833333333333333
2021-06-30|0.0|-30.0|-17.05|0.16333333333333336
2021-06-30|0.0|-31.0|-17.424|0.15833333333333333
2021-06-30|0.0|-32.0|-17.781|0.15166666666666667
2021-06-30|0.0|-33.0|-18.119|0.145
2021-06-30|0.0|-34.0|-18.436|0.13833333333333334
2021-06-30|0.0|-35.0|-18.731|0.13
2021-06-30|0.0|-36.0|-19.003|0.12166666666666666
2021-06-30|0.0|-37.0|-19.25|0.11333333333333333
2021-06-30|0.0|-38.0|-19.471|0.10333333333333333
2021-06-30|0.0|-39.0|-19.664|0.095
2021-06-30|0.0|-40.0|-19.828|0.08499999999999999
2021-06-30|0.0|-41.0|-19.962|0.075
2021-06-30|0.0|-42.0|-20.065|0.06333333333333332
2021-06-30|0.0|-43.0|-20.136|0.05333333333333334
2021-06-30|0.0|-44.0|-20.175|0.041666666666666664
2021-06-30|0.0|-45.0|-20.18|0.03166666666666666
2021-06-30|0.0|-46.0|-20.151|0.02
2021-06-30|0.0|-47.0|-20.088|0.008333333333333333
2021-06-30|0.0|-48.0|-19.99|-0.0016666666666666668
2021-06-30|0.0|-49.0|-19.857|-0.013333333333333334
2021-06-30|0.0|-50.0|-19.69|-0.025
2021-06-30|0.0|-51.0|-19.488|-0.035
2021-06-30|0.0|-52.0|-19.252|-0.04666666666666666
2021-06-30|0.0|-53.0|-18.983|-0.056666666666666664
2021-06-30|0.0|-54.0|-18.68|-0.06666666666666667
2021-06-30|0.0|-55.0|-18.344|-0.07666666666666666
2021-06-30|0.0|-56.0|-17.977|-0.08666666666666667
2021-06-30|0.0|-57.0|-17.578|-0.09666666666666666
2021-06-30|0.0|-58.0|-17.149|-0.105
2021-06-30|0.0|-59.0|-16.692|-0.11333333333333333
2021-06-30|0.0|-60.0|-16.206|-0.12166666666666666
2021-06-30|0.0|-61.0|-15.694|-0.12833333333333333
2021-06-30|0.0|-62.0|-15.157|-0.13499999999999998
2021-06-30|0.0|-63.0|-14.595|-0.14166666666666666
2021-06-30|0.0|-64.0|-14.011|-0.14666666666666667
2021-06-30|0.0|-65.0|-13.406|-0.15333333333333332
2021-06-30|0.0|-66.0|-12.782|-0.15666666666666668
2021-06-30|0.0|-67.0|-12.14|-0.16
2021-06-30|0.0|-68.0|-11.482|-0.16333333333333336
2021-06-30|0.0|-69.0|-10.81|-0.16666666666666666
2021-06-30|0.0|-70.0|-10.126|-0.16833333333333333
2021-06-30|0.0|-71.0|-9.432|-0.16999999999999998
2021-06-30|0.0|-72.0|-8.73|-0.16999999999999998
2021-06-30|0.0|-73.0|-8.023|-0.1716666666666667
2021-06-30|0.0|-74.0|-7.312|-0.16999999999999998
2021-06-30|0.0|-75.0|-6.6|-0.16999999999999998
2021-06-30|0.0|-76.0|-5.888|-0.16833333333333333
2021-06-30|0.0|-77.0|-5.18|-0.16666666666666666
2021-06-30|0.0|-78.0|-4.478|-0.165
2021-06-30|0.0|-79.0|-3.783|-0.16333333333333336
2021-06-30|0.0|-80.0|-3.098|-0.16
2021-06-30|0.0|-81.0|-2.425|-0.15833333333333333
2021-06-30|0.0|-82.0|-1.767|-0.155
2021-06-30|0.0|-83.0|-1.124|-0.15166666666666667
2021-06-30|0.0|-84.0|-0.499|-0.15
2021-06-30|0.0|-85.0|0.107|-0.14666666666666667
2021-06-30|0.0|-86.0|0.693|-0.14333333333333334
2021-06-30|0.0|-87.0|1.256|-0.14
2021-06-30|0.0|-88.0|1.796|-0.13666666666666666
2021-06-30|0.0|-89.0|2.313|-0.13333333333333333
2021-06-30|0.0|-90.0|2.804|-0.13166666666666668
2021-06-30|0.0|-91.0|3.271|-0.12833333333333333
2021-06-30|0.0|-92.0|3.712|-0.12666666666666665
2021-06-30|0.0|-93.0|4.127|-0.12333333333333334
2021-06-30|0.0|-94.0|4.516|-0.12166666666666666
2021-06-30|0.0|-95.0|4.88|-0.11833333333333333
2021-06-30|0.0|-96.0|5.219|-0.11666666666666667
2021-06-30|0.0|-97.0|5.534|-0.115
2021-06-30|0.0|-98.0|5.824|-0.11333333333333333
2021-06-30|0.0|-99.0|6.092|-0.11166666666666666
2021-06-30|0.0|-100.0|6.337|-0.11
2021-06-30|0.0|-101.0|6.561|-0.10833333333333334
2021-06-30|0.0|-102.0|6.765|-0.10666666666666667
2021-06-30|0.0|-103.0|6.95|-0.105
2021-06-30|0.0|-104.0|7.117|-0.10333333333333333
2021-06-30|0.0|-105.0|7.267|-0.10166666666666666
2021-06-30|0.0|-106.0|7.403|-0.1
2021-06-30|0.0|-107.0|7.524|-0.09833333333333334
2021-06-30|0.0|-108.0|7.634|-0.09666666666666666
2021-06-30|0.0|-109.0|7.732|-0.095
2021-06-30|0.0|-110.0|7.82|-0.09333333333333332
2021-06-30|0.0|-111.0|7.9|-0.09166666666666666
2021-06-30|0.0|-112.0|7.973|-0.09000000000000001
2021-06-30|0.0|-113.0|8.039|-0.08833333333333333
2021-06-30|0.0|-114.0|8.101|-0.08499999999999999
2021-06-30|0.0|-115.0|8.159|-0.08333333333333333
2021-06-30|0.0|-116.0|8.215|-0.08166666666666668
2021-06-30|0.0|-117.0|8.268|-0.07833333333333334
2021-06-30|0.0|-118.0|8.32|-0.07666666666666666
2021-06-30|0.0|-119.0|8.371|-0.07333333333333333
2021-06-30|0.0|-120.0|8.423|-0.07166666666666667
2021-06-30|0.0|-121.0|8.475|-0.06833333333333333
2021-06-30|0.0|-122.0|8.527|-0.06666666666666667
2021-06-30|0.0|-123.0|8.58|-0.06333333333333332
2021-06-30|0.0|-124.0|8.634|-0.060000000000000005
2021-06-30|0.0|-125.0|8.689|-0.058333333333333334
2021-06-30|0.0|-126.0|8.744|-0.055
2021-06-30|0.0|-127.0|8.799|-0.051666666666666666
2021-06-30|0.0|-128.0|8.855|-0.04833333333333333
2021-06-30|0.0|-129.0|8.91|-0.04666666666666666
2021-06-30|0.0|-130.0|8.964|-0.043333333333333335
2021-06-30|0.0|-131.0|9.017|-0.04
2021-06-30|0.0|-132.0|9.068|-0.03666666666666667
2021-06-30|0.0|-133.0|9.116|-0.035
2021-06-30|0.0|-134.0|9.162|-0.03166666666666666
2021-06-30|0.0|-135.0|9.204|-0.028333333333333332
2021-06-30|0.0|-136.0|9.242|-0.025
2021-06-30|0.0|-137.0|9.277|-0.021666666666666667
2021-06-30|0.0|-138.0|9.307|-0.02
2021-06-30|0.0|-139.0|9.332|-0.016666666666666666
2021-06-30|0.0|-140.0|9.353|-0.013333333333333334
2021-06-30|0.0|-141.0|9.37|-0.01
2021-06-30|0.0|-142.0|9.382|-0.008333333333333333
2021-06-30|0.0|-143.0|9.39|-0.005
2021-06-30|0.0|-144.0|9.394|-0.0016666666666666668
2021-06-30|0.0|-145.0|9.395|0.0
2021-06-30|0.0|-146.0|9.392|0.0033333333333333335
2021-06-30|0.0|-147.0|9.387|0.006666666666666667
2021-06-30|0.0|-148.0|9.38|0.008333333333333333
2021-06-30|0.0|-149.0|9.372|0.011666666666666665
2021-06-30|0.0|-150.0|9.362|0.015000000000000001
2021-06-30|0.0|-151.0|9.353|0.016666666666666666
2021-06-30|0.0|-152.0|9.344|0.02
2021-06-30|0.0|-153.0|9.336|0.02333333333333333
2021-06-30|0.0|-154.0|9.33|0.025
2021-06-30|0.0|-155.0|9.326|0.028333333333333332
2021-06-30|0.0|-156.0|9.325|0.030000000000000002
2021-06-30|0.0|-157.0|9.327|0.03333333333333333
2021-06-30|0.0|-158.0|9.331|0.035
2021-06-30|0.0|-159.0|9.34|0.03833333333333333
2021-06-30|0.0|-160.0|9.352|0.04
2021-06-30|0.0|-161.0|9.368|0.043333333333333335
2021-06-30|0.0|-162.0|9.387|0.045000000000000005
2021-06-30|0.0|-163.0|9.41|0.04666666666666666
2021-06-30|0.0|-164.0|9.436|0.04833333333333333
2021-06-30|0.0|-165.0|9.465|0.051666666666666666
2021-06-30|0.0|-166.0|9.496|0.05333333333333334
2021-06-30|0.0|-167.0|9.529|0.055
2021-06-30|0.0|-168.0|9.563|0.056666666666666664
2021-06-30|0.0|-169.0|9.598|0.056666666666666664
2021-06-30|0.0|-170.0|9.633|0.058333333333333334
2021-06-30|0.0|-171.0|9.667|0.060000000000000005
2021-06-30|0.0|-172.0|9.699|0.060000000000000005
2021-06-30|0.0|-173.0|9.729|0.06166666666666667
2021-06-30|0.0|-174.0|9.755|0.06166666666666667
2021-06-30|0.0|-175.0|9.777|0.06166666666666667
2021-06-30|0.0|-176.0|9.794|0.06166666666666667
2021-06-30|0.0|-177.0|9.804|0.06166666666666667
2021-06-30|0.0|-178.0|9.808|0.06166666666666667
2021-06-30|0.0|-179.0|9.805|0.06166666666666667
2021-06-30|1.0|0.0|-4.074|0.16333333333333336
2021-06-30|1.0|1.0|-3.752|0.16166666666666665
2021-06-30|1.0|2.0|-3.436|0.16
2021-06-30|1.0|3.0|-3.127|0.15833333333333333
