2010-07-01|0.0|0.0|-6.033333333333333|0.11666666666666667
2010-07-01|0.0|89.0|-2.55|0.016666666666666666
2010-07-01|0.0|178.0|9.466666666666667|-0.016666666666666666
2010-07-01|0.0|-89.0|3.75|-0.11666666666666667
2010-07-01|0.0|-178.0|9.5|-0.016666666666666666
2010-07-01|89.0|0.0|-10.766666666666667|0.9833333333333333
2010-07-01|89.0|89.0|72.36666666666666|1.1333333333333333
2010-07-01|89.0|178.0|160.01666666666668|1.7
2010-07-01|89.0|-89.0|-98.78333333333333|1.35
2010-07-01|89.0|-178.0|164.33333333333334|1.7
2010-07-01|-89.0|0.0|-28.216666666666665|-0.11666666666666667
2010-07-01|-89.0|89.0|-116.81666666666666|-0.13333333333333333
2010-07-01|-89.0|178.0|151.55|-0.11666666666666667
2010-07-01|-89.0|-89.0|58.233333333333334|-0.11666666666666667
2010-07-01|-89.0|-178.0|147.45|-0.11666666666666667
